tensor([[0.0000, 0.1162, 0.0000,  ..., 0.0135, 0.0000, 0.0000],
        [0.0000, 0.3460, 0.0000,  ..., 0.0000, 0.0000, 0.0000],
        [0.0523, 0.0565, 0.0000,  ..., 0.0224, 0.0000, 0.0000],
        ...,
        [0.0664, 0.1375, 0.0000,  ..., 0.0000, 0.0000, 0.0000],
        [0.0000, 0.0184, 0.0000,  ..., 0.0170, 0.0000, 0.0000],
        [0.0371, 0.0000, 0.0000,  ..., 0.0004, 0.0000, 0.0000]])
torch.Size([18, 2048])
tensor([[63.],
        [62.],
        [48.],
        [28.],
        [53.],
        [30.],
        [26.],
        [53.],
        [30.],
        [19.],
        [21.],
        [30.],
        [30.],
        [37.],
        [51.],
        [53.],
        [28.],
        [40.]])
torch.Size([18, 1])
